  longitude   latitude      depth        cc    d_to_pb     ratio  thickness  ntremor     azimuth
-123.264006  47.732699  18.511998  0.026010 -16.181002  0.052503   0.000000       70 -135.000000
-123.264006  47.777616  35.394121  0.092790   0.597121  0.284946  12.674613      107 -141.340192
-123.264006  47.822532  37.264482  0.051940   2.299482  0.048581  15.334777      102 -149.036243
-123.264006  47.867448  45.258994  0.010506  10.107994  0.040955  16.957448      130 -158.198591
-123.264006  47.912364  34.874633  0.007548  -0.510367  0.020589  16.888464      134 -168.690068
-123.264006  47.957280  39.684733  0.020296   4.025733  0.068496  16.942261      117  180.000000
-123.264006  48.002196  44.189918  0.064196   8.228918  0.382928  13.521220      167  168.690068
-123.264006  48.047112  39.902187  0.030470   3.584187  0.076919  12.163466      269  158.198591
-123.264006  48.092028  46.306354  0.021806   9.621354  0.051560  19.850556      188  149.036243
-123.264006  48.136944  42.845322  0.001844   5.706322  0.013095  12.290082      279  141.340192
-123.264006  48.181861  43.898676  0.006121   6.304676  0.030199  19.078629      279  135.000000
-123.196937  47.732699  34.837360  0.036623  -1.028640  0.041818  17.688893       89 -128.659808
-123.196937  47.777616  34.269604  0.010340  -1.704396  0.126627  19.705990      166 -135.000000
-123.196937  47.822532  38.218038  0.078552   2.079038  0.414075  15.667475      227 -143.130102
-123.196937  47.867448  37.442712  0.036792   1.121712  0.096125  14.343422      251 -153.434949
-123.196937  47.912364  40.289068  0.037377   3.746068  0.158983  12.932953      181 -165.963757
-123.196937  47.957280  39.217495  0.010737   2.419495  0.039168  16.750134      156  180.000000
-123.196937  48.002196  42.129301  0.114195   5.054301  0.239146  12.657868      227  165.963757
-123.196937  48.047112  41.697022  0.026339   4.302022  0.157915  13.007007      210  153.434949
-123.196937  48.092028  19.458222  0.004557 -18.266778  0.021315   0.000000      175  143.130102
-123.196937  48.136944  44.909685  0.012098   6.776685  0.014529  17.453336      296  135.000000
-123.196937  48.181861  31.987638  0.014182  -6.552362  0.032343  18.610449      346  128.659808
-123.129868  47.732699  14.367871  0.009266 -22.736129  0.046671   0.000000      162 -120.963757
-123.129868  47.777616  34.725522  0.016511  -2.482478  0.141173  12.503686      216 -126.869898
-123.129868  47.822532  33.317027  0.030838  -4.046973  0.341033  12.636326      231 -135.000000
-123.129868  47.867448  41.062612  0.024538   3.528612  0.172351  16.097021      244 -146.309932
-123.129868  47.912364  39.760053  0.035164   2.020053  0.224405  15.243363      132 -161.565051
-123.129868  47.957280  43.134886  0.024013   5.157886  0.058627  13.779483      114  180.000000
-123.129868  48.002196  40.644270  0.063053   2.412270  0.369972  13.244141      231  161.565051
-123.129868  48.047112  40.612877  0.021382   2.085877  0.169602  12.844980      300  146.309932
-123.129868  48.092028  43.668796  0.008180   4.839796  0.017515  16.780497      447  135.000000
-123.129868  48.136944  38.708738  0.074577  -0.491262  0.002819  13.179389      635  126.869898
-123.129868  48.181861  25.410635  0.040927 -14.160365  0.011416  22.908764      510  120.963757
-123.062798  47.732699  39.902187  0.017066   1.551187  0.106723  20.079551      130 -111.801409
-123.062798  47.777616  35.025115  0.089137  -3.426885  0.257856  10.950311      202 -116.565051
-123.062798  47.822532  40.612877  0.009980   2.016877  0.087178  13.219543      164 -123.690068
-123.062798  47.867448  46.443124  0.026828   7.690124  0.031602  14.949152      153 -135.000000
-123.062798  47.912364  34.868541  0.230283  -4.074459  0.396320   7.295788       98 -153.434949
-123.062798  47.957280  38.635399  0.097965  -0.523601  0.099836   9.802375      127  180.000000
-123.062798  48.002196  40.021977  0.078403   0.627977  0.244345  14.837063      229  153.434949
-123.062798  48.047112  43.856201  0.024331   4.187201  0.024739  15.253623      373  135.000000
-123.062798  48.092028  42.407150  0.048492   2.454150  0.006006  14.684619      456  123.690068
-123.062798  48.136944  44.017473  0.145961   3.705473  0.003174  11.377657      617  116.565051
-123.062798  48.181861  36.375940  0.045125  -4.295060  0.008826  18.145569      597  111.801409
-122.995729  47.732699  49.345810  0.022558   9.743810  0.025762  11.651191       68 -101.309932
-122.995729  47.777616  32.721558  0.043135  -6.977442  0.105917  17.405051      101 -104.036243
-122.995729  47.822532  37.090462  0.031066  -2.741538  0.071394  12.209661       87 -108.434949
-122.995729  47.867448  36.162559  0.151159  -3.813441  0.164748  11.929333       78 -116.565051
-122.995729  47.912364  37.185086  0.234205  -2.960914  0.151698  10.924586       74 -135.000000
-122.995729  47.957280  39.594117  0.181869  -0.744883  0.408764  10.087248      121  180.000000
-122.995729  48.002196  39.695118  0.101992  -0.859882  0.411966   9.772441      382  135.000000
-122.995729  48.047112  42.153964  0.077323   1.335964  0.241842  13.714618      854  116.565051
-122.995729  48.092028  40.644270  0.043415  -0.449730  0.134491  15.697346      626  108.434949
-122.995729  48.136944  42.586872  0.049277   1.108872  0.004222  13.801433      399  104.036243
-122.995729  48.181861  34.363670  0.309454  -7.498330  0.002532  10.431401      332  101.309932
-122.928660  47.732699  27.870300  0.030008 -12.911700  0.008833  19.059836       36  -90.000000
-122.928660  47.777616  33.581141  0.309746  -7.288859  0.064178   5.991688       64  -90.000000
-122.928660  47.822532  36.092839  0.025432  -4.903161  0.061875  11.727055       77  -90.000000
-122.928660  47.867448  38.635399  0.069430  -2.496601  0.092321   9.821412       71  -90.000000
-122.928660  47.912364  39.594117  0.145047  -1.703883  0.118782  10.916088       85  -90.000000
-122.928660  47.957280  39.908571  0.164751  -1.579429  0.160201  10.381842       70    0.000000
-122.928660  48.002196  42.909673  0.097671   1.209673  0.549931  11.152080      240   90.000000
-122.928660  48.047112  41.180362  0.078227  -0.777638  1.000000  13.577287      545   90.000000
-122.928660  48.092028  40.950662  0.053777  -1.280338  0.060800  14.995790      306   90.000000
-122.928660  48.136944  40.598140  0.042763  -2.028860  0.013907  12.645989      189   90.000000
-122.928660  48.181861  29.507632  0.334972 -13.515368  0.002567   9.116789      146   90.000000
-122.861591  47.732699  45.137408  0.063519   3.189408  0.020966  13.825431       17  -78.690068
-122.861591  47.777616  32.721558  0.109417  -9.308442  0.062916  10.775457       54  -75.963757
-122.861591  47.822532  51.095221  0.393079   8.944221  0.373521  14.555656       98  -71.565051
-122.861591  47.867448  39.594630  0.286286  -2.687370  0.118739  12.628673       84  -63.434949
-122.861591  47.912364  39.277144  0.242718  -3.167856  0.051961   5.082543       53  -45.000000
-122.861591  47.957280  51.184939  0.997888   8.551939  0.222574   8.040446       51    0.000000
-122.861591  48.002196  41.783038  0.106445  -1.060962  0.010933  14.124735       63   45.000000
-122.861591  48.047112  42.153964  0.061672  -0.946036  0.014504  11.100441       94   63.434949
-122.861591  48.092028  41.085423  0.157251  -2.285577  0.011557  16.594131       69   71.565051
-122.861591  48.136944  43.499247  0.248081  -0.270753  0.002713  10.959440       79   75.963757
-122.861591  48.181861  44.664281  0.720243   0.494281  0.002514  11.788563       51   78.690068
-122.794522  47.732699  45.737073  1.000000   2.630073  0.058919   0.973660       35  -68.198591
-122.794522  47.777616  46.769494  0.263404   3.584494  0.034725  11.265681       48  -63.434949
-122.794522  47.822532  39.258630  0.085016  -4.043370  0.091736  18.208756       71  -56.309932
-122.794522  47.867448  37.318817  0.084085  -6.111183  0.038910   9.600024       41  -45.000000
-122.794522  47.912364  48.088855  0.028499   4.497855  0.013322  12.814994       37  -26.565051
-122.794522  47.957280  50.866350  0.838017   7.088350  0.114200   0.000000       12    0.000000
-122.794522  48.002196  53.565646  0.392417   9.577646  0.008617   7.003395       12   26.565051
-122.794522  48.047112  41.254778  0.433954  -2.989222  0.018154   2.301202       18   45.000000
-122.794522  48.092028  45.520123  0.039171   1.006123  0.012532  11.702621       22   56.309932
-122.794522  48.136944  40.291021  0.056975  -4.615979  0.017236  14.691992       27   63.434949
-122.794522  48.181861  55.530650  0.934142  10.230650  0.003616   9.390532       25   68.198591
-122.727452  47.732699  41.865844  0.303207  -2.409156  0.034890  20.310278       14  -59.036243
-122.727452  47.777616  28.966295  0.076783 -15.382705  0.029565  18.000598       23  -53.130102
-122.727452  47.822532  30.850504  0.053251 -13.620496  0.013509  19.603926       29  -45.000000
-122.727452  47.867448  32.813924  0.550919 -11.794076  0.013537   0.000000       16  -33.690068
-122.727452  47.912364        NaN       NaN        NaN       NaN        NaN        0         NaN
-122.727452  47.957280        NaN       NaN        NaN       NaN        NaN        0         NaN
-122.727452  48.002196        NaN       NaN        NaN       NaN        NaN        0         NaN
-122.727452  48.047112        NaN       NaN        NaN       NaN        NaN        0         NaN
-122.727452  48.092028        NaN       NaN        NaN       NaN        NaN        0         NaN
-122.727452  48.136944  39.197614  0.468924  -7.041386  0.006403   0.499668       11   53.130102
-122.727452  48.181861        NaN       NaN        NaN       NaN        NaN        0         NaN
-122.660383  47.732699        NaN       NaN        NaN       NaN        NaN        0         NaN
-122.660383  47.777616  35.855521  0.056127  -9.765479  0.004936  18.163880       17  -45.000000
-122.660383  47.822532  43.999299  0.184455  -1.736701  0.013968  12.756978       11  -36.869898
-122.660383  47.867448        NaN       NaN        NaN       NaN        NaN        0         NaN
-122.660383  47.912364        NaN       NaN        NaN       NaN        NaN        0         NaN
-122.660383  47.957280        NaN       NaN        NaN       NaN        NaN        0         NaN
-122.660383  48.002196        NaN       NaN        NaN       NaN        NaN        0         NaN
-122.660383  48.047112        NaN       NaN        NaN       NaN        NaN        0         NaN
-122.660383  48.092028        NaN       NaN        NaN       NaN        NaN        0         NaN
-122.660383  48.136944        NaN       NaN        NaN       NaN        NaN        0         NaN
-122.660383  48.181861        NaN       NaN        NaN       NaN        NaN        0         NaN
-122.593314  47.732699        NaN       NaN        NaN       NaN        NaN        0         NaN
-122.593314  47.777616        NaN       NaN        NaN       NaN        NaN        0         NaN
-122.593314  47.822532        NaN       NaN        NaN       NaN        NaN        0         NaN
-122.593314  47.867448        NaN       NaN        NaN       NaN        NaN        0         NaN
-122.593314  47.912364        NaN       NaN        NaN       NaN        NaN        0         NaN
-122.593314  47.957280        NaN       NaN        NaN       NaN        NaN        0         NaN
-122.593314  48.002196        NaN       NaN        NaN       NaN        NaN        0         NaN
-122.593314  48.047112        NaN       NaN        NaN       NaN        NaN        0         NaN
-122.593314  48.092028        NaN       NaN        NaN       NaN        NaN        0         NaN
-122.593314  48.136944        NaN       NaN        NaN       NaN        NaN        0         NaN
-122.593314  48.181861        NaN       NaN        NaN       NaN        NaN        0         NaN
